06030001
00000104
00000011
000001C0
00000001
0001D020
0000002C
00000001
00000000
00000000
00000000
80000000
00000000
00000000
02000000
00000081
00000018
0001D024
00000000
00000000
00000000
00000000
0001D214
00000001
00000001
0001D040
0000002C
00002400
00000000
00000000
00000000
80000000
00000000
00000000
02000000
00000081
00000018
0001D044
00000001
00000000
00000000
00000000
0001D21C
00000002
00000001
0201D060
0000002C
00006C00
00000000
00000000
00000000
80000000
00000000
00000000
02000000
00000081
00000018
0201D064
00000002
00000000
00000000
00000000
0201D214
00000003
00000001
0201D080
0000002C
00000002
00000000
00000000
00000000
80000000
00000000
00000000
02000000
00000081
00000018
0201D084
00000003
00000000
00000000
00000000
0201D21C
00000004
00000001
0201D000
0000002C
00006C00
00000000
00000000
00000000
80000000
00000000
00000000
02000000
00000081
00000018
0201D004
00000004
00000000
00000000
00000003
0201D200
00000F00
00000F00
00000000
0201D204
80000000
00000080
00000010
00010000
00010100
